45	17
0_0_0	0_1_0	0_1_1	0_1_2	0_3_0	0_3_1	0_3_2	0_3_3	0_3_4	0_3_5	0_3_6	0_12_0	0_12_1	0_12_2	0_12_3	0_12_4	0_12_5	0_12_6	0_12_7	0_12_8	0_12_9	0_12_10	0_12_11	0_12_12	0_12_13	0_12_14	0_12_15	0_12_16	0_12_17	0_12_18	0_12_19	0_12_20	0_12_21	0_12_22	0_12_23	0_12_24	0_12_25	0_12_26	0_12_27	0_12_28	0_12_29	0_12_30	0_12_31	0_12_32	0_12_33	1_14_0	1_14_1	1_14_2	1_14_3	1_14_4	1_14_5	1_14_6	1_14_7	1_17_0	1_17_1	1_17_2	1_17_3	1_17_4	1_17_5	1_17_6	1_17_7	1_20_0
-7.6012032428939165	0.0	0.0	0.0	0.0	0.0	0.0	0.0	0.0	0.0	0.0	0.0	0.0	0.0	0.0	0.0	0.0	0.0	0.0	0.0	0.0	0.0	0.0	0.0	0.0	0.0	0.0	0.0	0.0	0.0	0.0	0.0	0.0	0.0	0.0	0.0	0.0	0.0	0.0	0.0	0.0	0.0	0.0	0.0	0.0	1.0E38	1.0E38	-0.005372733877791802	-0.003913486050239001	-0.0028445430507293423	-0.003617475227361666	-0.006540680348075867	-0.004790622439887926	1.0E38	0.012414872213438066	0.005473835182920439	0.01250862392997476	0.009942849593361558	0.008943403394488847	1.0E38	0.005199428916670357	-0.001895312405376437
0.0	171.88765122983634	0.0	0.0	0.0	0.0	0.0	0.0	0.0	0.0	0.0	0.0	0.0	0.0	0.0	0.0	0.0	0.0	0.0	0.0	0.0	0.0	0.0	0.0	0.0	0.0	0.0	0.0	0.0	0.0	0.0	0.0	0.0	0.0	0.0	0.0	0.0	0.0	0.0	0.0	0.0	0.0	0.0	0.0	0.0	1.0E38	1.0E38	-0.006878754691346245	-0.005403947001894949	-0.004353999184909085	-0.00588240129442319	-0.008687645667459165	-0.00676800272172251	1.0E38	0.00584184170595492	0.003505781611265135	0.009772350330845114	0.007564218643342002	0.00453148800426284	1.0E38	0.002931387520417772	-0.0024040456368314977
0.0	0.0	-1.8829776842205774	0.0	0.0	0.0	0.0	0.0	0.0	0.0	0.0	0.0	0.0	0.0	0.0	0.0	0.0	0.0	0.0	0.0	0.0	0.0	0.0	0.0	0.0	0.0	0.0	0.0	0.0	0.0	0.0	0.0	0.0	0.0	0.0	0.0	0.0	0.0	0.0	0.0	0.0	0.0	0.0	0.0	0.0	1.0E38	1.0E38	-0.006446798123969089	-0.00497232439963291	-0.003928924739160067	-0.005475052003960812	-0.0082753190040048	-0.0063676333550866104	1.0E38	0.007223620507602835	0.003827669562637581	0.010313284983745064	0.007987125168618547	0.005021454101798994	1.0E38	0.0032536339090931676	-0.002267342857720678
0.0	0.0	0.0	153.63777723206857	0.0	0.0	0.0	0.0	0.0	0.0	0.0	0.0	0.0	0.0	0.0	0.0	0.0	0.0	0.0	0.0	0.0	0.0	0.0	0.0	0.0	0.0	0.0	0.0	0.0	0.0	0.0	0.0	0.0	0.0	0.0	0.0	0.0	0.0	0.0	0.0	0.0	0.0	0.0	0.0	0.0	1.0E38	1.0E38	-0.007338590849839122	-0.005805339099307361	-0.004759912286408152	-0.0066232297068911095	-0.009502279958098825	-0.007561212475106771	1.0E38	0.005116932679114949	0.003279017986530519	0.009546373619508941	0.007322298003437311	0.003956438397665352	1.0E38	0.002629787459577315	-0.0025646177238476398
0.0	0.0	0.0	0.0	1.0E38	0.0	0.0	0.0	0.0	0.0	0.0	0.0	0.0	0.0	0.0	0.0	0.0	0.0	0.0	0.0	0.0	0.0	0.0	0.0	0.0	0.0	0.0	0.0	0.0	0.0	0.0	0.0	0.0	0.0	0.0	0.0	0.0	0.0	0.0	0.0	0.0	0.0	0.0	0.0	0.0	1.0E38	1.0E38	1.0E38	1.0E38	1.0E38	1.0E38	1.0E38	1.0E38	1.0E38	1.0E38	1.0E38	1.0E38	1.0E38	1.0E38	1.0E38	1.0E38	1.0E38
0.0	0.0	0.0	0.0	0.0	1055655.877199764	0.0	0.0	0.0	0.0	0.0	0.0	0.0	0.0	0.0	0.0	0.0	0.0	0.0	0.0	0.0	0.0	0.0	0.0	0.0	0.0	0.0	0.0	0.0	0.0	0.0	0.0	0.0	0.0	0.0	0.0	0.0	0.0	0.0	0.0	0.0	0.0	0.0	0.0	0.0	1.0E38	1.0E38	-0.009027915786541385	-0.007495680184630871	-0.006482437666623042	-0.009039203368548243	-0.011829926197410856	-0.00994496929779487	1.0E38	0.00750388606421204	0.0014794513481639626	0.007018055678809532	0.00511653206571161	6.043628998284589E-4	1.0E38	6.225634998511254E-4	-0.0032394371921125042
0.0	0.0	0.0	0.0	0.0	0.0	168.9761536635421	0.0	0.0	0.0	0.0	0.0	0.0	0.0	0.0	0.0	0.0	0.0	0.0	0.0	0.0	0.0	0.0	0.0	0.0	0.0	0.0	0.0	0.0	0.0	0.0	0.0	0.0	0.0	0.0	0.0	0.0	0.0	0.0	0.0	0.0	0.0	0.0	0.0	0.0	1.0E38	1.0E38	-0.006916603645032993	-0.005499081368503411	-0.004541740693957408	-0.006275560838908234	-0.008887730775008151	-0.00692744354279462	1.0E38	0.0022909804533091105	0.002521288798938315	0.008126528444275749	0.006037533435087283	0.0022034797564707276	1.0E38	0.0018557357703468114	-0.0023812139635612795
0.0	0.0	0.0	0.0	0.0	0.0	0.0	166.82476627022191	0.0	0.0	0.0	0.0	0.0	0.0	0.0	0.0	0.0	0.0	0.0	0.0	0.0	0.0	0.0	0.0	0.0	0.0	0.0	0.0	0.0	0.0	0.0	0.0	0.0	0.0	0.0	0.0	0.0	0.0	0.0	0.0	0.0	0.0	0.0	0.0	0.0	1.0E38	1.0E38	-0.007436068075636015	-0.005990937912113026	-0.004989193582490614	-0.006824839446601061	-0.009522846485769065	-0.007636766752487034	1.0E38	0.002845931162790194	0.002590706602086712	0.008371958359527198	0.006297169039010342	0.0026278760091864584	1.0E38	0.001917013646586696	-0.002632200615385827
0.0	0.0	0.0	0.0	0.0	0.0	0.0	0.0	41.02051641534746	0.0	0.0	0.0	0.0	0.0	0.0	0.0	0.0	0.0	0.0	0.0	0.0	0.0	0.0	0.0	0.0	0.0	0.0	0.0	0.0	0.0	0.0	0.0	0.0	0.0	0.0	0.0	0.0	0.0	0.0	0.0	0.0	0.0	0.0	0.0	0.0	1.0E38	1.0E38	-0.007999835893036433	-0.00643578985819282	-0.005433886131854138	-0.008099015166676438	-0.01100301063507203	-0.009076066947445227	1.0E38	0.0025315214021923715	0.002390030445035052	0.008346439137060457	0.006199711705450639	0.0018210454844655999	1.0E38	0.0015346864256908788	-0.002812945877254336
0.0	0.0	0.0	0.0	0.0	0.0	0.0	0.0	0.0	247.22471549413453	0.0	0.0	0.0	0.0	0.0	0.0	0.0	0.0	0.0	0.0	0.0	0.0	0.0	0.0	0.0	0.0	0.0	0.0	0.0	0.0	0.0	0.0	0.0	0.0	0.0	0.0	0.0	0.0	0.0	0.0	0.0	0.0	0.0	0.0	0.0	1.0E38	1.0E38	-0.007653971591937037	-0.006200803226882101	-0.005193166520252035	-0.007575029884851148	-0.010267464339442256	-0.008506970543370684	1.0E38	0.002834833687206384	0.0024049485795263337	0.008255682827915223	0.00624204069209533	0.0020327513909865758	1.0E38	0.0015955923118227133	-0.0027658609997534
0.0	0.0	0.0	0.0	0.0	0.0	0.0	0.0	0.0	0.0	125.83418311466824	0.0	0.0	0.0	0.0	0.0	0.0	0.0	0.0	0.0	0.0	0.0	0.0	0.0	0.0	0.0	0.0	0.0	0.0	0.0	0.0	0.0	0.0	0.0	0.0	0.0	0.0	0.0	0.0	0.0	0.0	0.0	0.0	0.0	0.0	1.0E38	1.0E38	-0.006556957391632423	-0.005212579246490989	-0.00426161061018604	-0.006260642057373644	-0.008728026093393737	-0.0068235524062547626	1.0E38	0.002519170277495597	0.002421176486647525	0.007907537306234502	0.006013197896667322	0.001598492425679332	1.0E38	0.0016602177288209674	-0.002275847623194771
0.0	0.0	0.0	0.0	0.0	0.0	0.0	0.0	0.0	0.0	0.0	1.0E38	0.0	0.0	0.0	0.0	0.0	0.0	0.0	0.0	0.0	0.0	0.0	0.0	0.0	0.0	0.0	0.0	0.0	0.0	0.0	0.0	0.0	0.0	0.0	0.0	0.0	0.0	0.0	0.0	0.0	0.0	0.0	0.0	0.0	1.0E38	1.0E38	1.0E38	1.0E38	1.0E38	1.0E38	1.0E38	1.0E38	1.0E38	1.0E38	1.0E38	1.0E38	1.0E38	1.0E38	1.0E38	1.0E38	1.0E38
0.0	0.0	0.0	0.0	0.0	0.0	0.0	0.0	0.0	0.0	0.0	0.0	1.0E38	0.0	0.0	0.0	0.0	0.0	0.0	0.0	0.0	0.0	0.0	0.0	0.0	0.0	0.0	0.0	0.0	0.0	0.0	0.0	0.0	0.0	0.0	0.0	0.0	0.0	0.0	0.0	0.0	0.0	0.0	0.0	0.0	1.0E38	1.0E38	1.0E38	1.0E38	1.0E38	1.0E38	1.0E38	1.0E38	1.0E38	1.0E38	1.0E38	1.0E38	1.0E38	1.0E38	1.0E38	1.0E38	1.0E38
0.0	0.0	0.0	0.0	0.0	0.0	0.0	0.0	0.0	0.0	0.0	0.0	0.0	1.0E38	0.0	0.0	0.0	0.0	0.0	0.0	0.0	0.0	0.0	0.0	0.0	0.0	0.0	0.0	0.0	0.0	0.0	0.0	0.0	0.0	0.0	0.0	0.0	0.0	0.0	0.0	0.0	0.0	0.0	0.0	0.0	1.0E38	1.0E38	1.0E38	1.0E38	1.0E38	1.0E38	1.0E38	1.0E38	1.0E38	1.0E38	1.0E38	1.0E38	1.0E38	1.0E38	1.0E38	1.0E38	1.0E38
0.0	0.0	0.0	0.0	0.0	0.0	0.0	0.0	0.0	0.0	0.0	0.0	0.0	0.0	1.0E38	0.0	0.0	0.0	0.0	0.0	0.0	0.0	0.0	0.0	0.0	0.0	0.0	0.0	0.0	0.0	0.0	0.0	0.0	0.0	0.0	0.0	0.0	0.0	0.0	0.0	0.0	0.0	0.0	0.0	0.0	1.0E38	1.0E38	1.0E38	1.0E38	1.0E38	1.0E38	1.0E38	1.0E38	1.0E38	1.0E38	1.0E38	1.0E38	1.0E38	1.0E38	1.0E38	1.0E38	1.0E38
0.0	0.0	0.0	0.0	0.0	0.0	0.0	0.0	0.0	0.0	0.0	0.0	0.0	0.0	0.0	1.0E38	0.0	0.0	0.0	0.0	0.0	0.0	0.0	0.0	0.0	0.0	0.0	0.0	0.0	0.0	0.0	0.0	0.0	0.0	0.0	0.0	0.0	0.0	0.0	0.0	0.0	0.0	0.0	0.0	0.0	1.0E38	1.0E38	1.0E38	1.0E38	1.0E38	1.0E38	1.0E38	1.0E38	1.0E38	1.0E38	1.0E38	1.0E38	1.0E38	1.0E38	1.0E38	1.0E38	1.0E38
0.0	0.0	0.0	0.0	0.0	0.0	0.0	0.0	0.0	0.0	0.0	0.0	0.0	0.0	0.0	0.0	1.0E38	0.0	0.0	0.0	0.0	0.0	0.0	0.0	0.0	0.0	0.0	0.0	0.0	0.0	0.0	0.0	0.0	0.0	0.0	0.0	0.0	0.0	0.0	0.0	0.0	0.0	0.0	0.0	0.0	1.0E38	1.0E38	1.0E38	1.0E38	1.0E38	1.0E38	1.0E38	1.0E38	1.0E38	1.0E38	1.0E38	1.0E38	1.0E38	1.0E38	1.0E38	1.0E38	1.0E38
0.0	0.0	0.0	0.0	0.0	0.0	0.0	0.0	0.0	0.0	0.0	0.0	0.0	0.0	0.0	0.0	0.0	1.0E38	0.0	0.0	0.0	0.0	0.0	0.0	0.0	0.0	0.0	0.0	0.0	0.0	0.0	0.0	0.0	0.0	0.0	0.0	0.0	0.0	0.0	0.0	0.0	0.0	0.0	0.0	0.0	1.0E38	1.0E38	1.0E38	1.0E38	1.0E38	1.0E38	1.0E38	1.0E38	1.0E38	1.0E38	1.0E38	1.0E38	1.0E38	1.0E38	1.0E38	1.0E38	1.0E38
0.0	0.0	0.0	0.0	0.0	0.0	0.0	0.0	0.0	0.0	0.0	0.0	0.0	0.0	0.0	0.0	0.0	0.0	-26.580194777088195	0.0	0.0	0.0	0.0	0.0	0.0	0.0	0.0	0.0	0.0	0.0	0.0	0.0	0.0	0.0	0.0	0.0	0.0	0.0	0.0	0.0	0.0	0.0	0.0	0.0	0.0	1.0E38	1.0E38	0.025162373276625516	0.01705649244173202	0.012009319677503072	-0.006554337478416272	0.015951027748101865	0.02737583997469173	1.0E38	-0.3167280318261092	-0.15142899931914755	-0.19820972422491323	-0.17454573088777892	-0.2838283445991525	1.0E38	-0.16780495862550993	0.013054550465142256
0.0	0.0	0.0	0.0	0.0	0.0	0.0	0.0	0.0	0.0	0.0	0.0	0.0	0.0	0.0	0.0	0.0	0.0	0.0	-26.528976095639223	0.0	0.0	0.0	0.0	0.0	0.0	0.0	0.0	0.0	0.0	0.0	0.0	0.0	0.0	0.0	0.0	0.0	0.0	0.0	0.0	0.0	0.0	0.0	0.0	0.0	1.0E38	1.0E38	0.022816417861319493	0.014316873576014189	0.010108984417701805	-0.007698228039432209	0.014351022483554132	0.023342674734548652	1.0E38	-0.2881197821684989	-0.14277134021381066	-0.18792636579530964	-0.16185718978005248	-0.2631338370845242	1.0E38	-0.1583714375631491	0.01142211018458994
0.0	0.0	0.0	0.0	0.0	0.0	0.0	0.0	0.0	0.0	0.0	0.0	0.0	0.0	0.0	0.0	0.0	0.0	0.0	0.0	-9.202324419019021	0.0	0.0	0.0	0.0	0.0	0.0	0.0	0.0	0.0	0.0	0.0	0.0	0.0	0.0	0.0	0.0	0.0	0.0	0.0	0.0	0.0	0.0	0.0	0.0	1.0E38	1.0E38	0.01835224574100458	0.01261678457196247	0.006979202614871838	-0.003102482182464783	0.01325483104318792	0.017219628622962446	1.0E38	-0.23598231693457272	-0.12120977084358842	-0.16029950762966294	-0.14586181640705576	-0.20382237096236366	1.0E38	-0.13002815549798896	0.00956062125192858
0.0	0.0	0.0	0.0	0.0	0.0	0.0	0.0	0.0	0.0	0.0	0.0	0.0	0.0	0.0	0.0	0.0	0.0	0.0	0.0	0.0	-26.962796002148934	0.0	0.0	0.0	0.0	0.0	0.0	0.0	0.0	0.0	0.0	0.0	0.0	0.0	0.0	0.0	0.0	0.0	0.0	0.0	0.0	0.0	0.0	0.0	1.0E38	1.0E38	0.017821527850257368	0.012115776176589321	0.0072978355434578646	-0.004019430138885838	0.012077801554758238	0.01721360090931512	1.0E38	-0.2346920855387875	-0.12081255201424845	-0.1574655411187429	-0.14210851825823134	-0.2062863188437669	1.0E38	-0.13081992599996006	0.009329770873502952
0.0	0.0	0.0	0.0	0.0	0.0	0.0	0.0	0.0	0.0	0.0	0.0	0.0	0.0	0.0	0.0	0.0	0.0	0.0	0.0	0.0	0.0	1.0E38	0.0	0.0	0.0	0.0	0.0	0.0	0.0	0.0	0.0	0.0	0.0	0.0	0.0	0.0	0.0	0.0	0.0	0.0	0.0	0.0	0.0	0.0	1.0E38	1.0E38	1.0E38	1.0E38	1.0E38	1.0E38	1.0E38	1.0E38	1.0E38	1.0E38	1.0E38	1.0E38	1.0E38	1.0E38	1.0E38	1.0E38	1.0E38
0.0	0.0	0.0	0.0	0.0	0.0	0.0	0.0	0.0	0.0	0.0	0.0	0.0	0.0	0.0	0.0	0.0	0.0	0.0	0.0	0.0	0.0	0.0	476661.71706393	0.0	0.0	0.0	0.0	0.0	0.0	0.0	0.0	0.0	0.0	0.0	0.0	0.0	0.0	0.0	0.0	0.0	0.0	0.0	0.0	0.0	1.0E38	1.0E38	0.051129277763998005	0.04321228573569691	0.02691878707438633	0.010907673116545169	0.042428221120815124	0.05711946283852498	1.0E38	-0.5647820761123832	-0.20330461893566465	-0.29075637918445985	-0.28562000072682103	-0.4083647408813489	1.0E38	-0.21751645791173502	0.02968911703938204
0.0	0.0	0.0	0.0	0.0	0.0	0.0	0.0	0.0	0.0	0.0	0.0	0.0	0.0	0.0	0.0	0.0	0.0	0.0	0.0	0.0	0.0	0.0	0.0	1.0E38	0.0	0.0	0.0	0.0	0.0	0.0	0.0	0.0	0.0	0.0	0.0	0.0	0.0	0.0	0.0	0.0	0.0	0.0	0.0	0.0	1.0E38	1.0E38	1.0E38	1.0E38	1.0E38	1.0E38	1.0E38	1.0E38	1.0E38	1.0E38	1.0E38	1.0E38	1.0E38	1.0E38	1.0E38	1.0E38	1.0E38
0.0	0.0	0.0	0.0	0.0	0.0	0.0	0.0	0.0	0.0	0.0	0.0	0.0	0.0	0.0	0.0	0.0	0.0	0.0	0.0	0.0	0.0	0.0	0.0	0.0	-29.509310870698187	0.0	0.0	0.0	0.0	0.0	0.0	0.0	0.0	0.0	0.0	0.0	0.0	0.0	0.0	0.0	0.0	0.0	0.0	0.0	1.0E38	1.0E38	0.02450069513952613	0.01851101672898281	0.011615769994293146	-0.0018885076518166954	0.017471630722891263	0.026522508903720876	1.0E38	-0.3079644962920156	-0.1421579045674779	-0.1876444121986438	-0.1740545079151321	-0.25807813973210436	1.0E38	-0.1541431643594393	0.013388927602949963
0.0	0.0	0.0	0.0	0.0	0.0	0.0	0.0	0.0	0.0	0.0	0.0	0.0	0.0	0.0	0.0	0.0	0.0	0.0	0.0	0.0	0.0	0.0	0.0	0.0	0.0	-29.784731376485183	0.0	0.0	0.0	0.0	0.0	0.0	0.0	0.0	0.0	0.0	0.0	0.0	0.0	0.0	0.0	0.0	0.0	0.0	1.0E38	1.0E38	0.030923096471697775	0.02531691678234438	0.016442247841352398	0.0022070617427250028	0.023134809908679443	0.03620254055950234	1.0E38	-0.37564224888433984	-0.1576421963719561	-0.20927309776554637	-0.19998794599824166	-0.2996003812364858	1.0E38	-0.17052642643466953	0.01776135722831995
0.0	0.0	0.0	0.0	0.0	0.0	0.0	0.0	0.0	0.0	0.0	0.0	0.0	0.0	0.0	0.0	0.0	0.0	0.0	0.0	0.0	0.0	0.0	0.0	0.0	0.0	0.0	55.204801727294665	0.0	0.0	0.0	0.0	0.0	0.0	0.0	0.0	0.0	0.0	0.0	0.0	0.0	0.0	0.0	0.0	0.0	1.0E38	1.0E38	0.027664565412633735	0.022138635372419557	0.012422317194195287	0.0015659916008452512	0.021984297126817154	0.028738097528020035	1.0E38	-0.33044752166921754	-0.14794412468366147	-0.20098296026179518	-0.1926280443952617	-0.2623324586980109	1.0E38	-0.1574153097278881	0.015264386813910846
0.0	0.0	0.0	0.0	0.0	0.0	0.0	0.0	0.0	0.0	0.0	0.0	0.0	0.0	0.0	0.0	0.0	0.0	0.0	0.0	0.0	0.0	0.0	0.0	0.0	0.0	0.0	0.0	1.0E38	0.0	0.0	0.0	0.0	0.0	0.0	0.0	0.0	0.0	0.0	0.0	0.0	0.0	0.0	0.0	0.0	1.0E38	1.0E38	1.0E38	1.0E38	1.0E38	1.0E38	1.0E38	1.0E38	1.0E38	1.0E38	1.0E38	1.0E38	1.0E38	1.0E38	1.0E38	1.0E38	1.0E38
0.0	0.0	0.0	0.0	0.0	0.0	0.0	0.0	0.0	0.0	0.0	0.0	0.0	0.0	0.0	0.0	0.0	0.0	0.0	0.0	0.0	0.0	0.0	0.0	0.0	0.0	0.0	0.0	0.0	-26.93928894971441	0.0	0.0	0.0	0.0	0.0	0.0	0.0	0.0	0.0	0.0	0.0	0.0	0.0	0.0	0.0	1.0E38	1.0E38	0.03797012640646713	0.029032717099777727	0.02089005877615513	-0.002912248532553008	0.025169531838985293	0.04727117893235011	1.0E38	-0.4667920572968445	-0.188185845993317	-0.2503729746565373	-0.22821115212492415	-0.38999087063693594	1.0E38	-0.20933817607490823	0.021188010457898088
0.0	0.0	0.0	0.0	0.0	0.0	0.0	0.0	0.0	0.0	0.0	0.0	0.0	0.0	0.0	0.0	0.0	0.0	0.0	0.0	0.0	0.0	0.0	0.0	0.0	0.0	0.0	0.0	0.0	0.0	-28.128536195008337	0.0	0.0	0.0	0.0	0.0	0.0	0.0	0.0	0.0	0.0	0.0	0.0	0.0	0.0	1.0E38	1.0E38	0.030706629276124886	0.02152249211733448	0.015299306941209068	-0.005752250858579444	0.02030275223102862	0.035622804684418696	1.0E38	-0.3788795159860303	-0.16578622390145625	-0.2214008341317566	-0.1956626021922272	-0.32895945000159355	1.0E38	-0.18427930299672823	0.01614539576869589
0.0	0.0	0.0	0.0	0.0	0.0	0.0	0.0	0.0	0.0	0.0	0.0	0.0	0.0	0.0	0.0	0.0	0.0	0.0	0.0	0.0	0.0	0.0	0.0	0.0	0.0	0.0	0.0	0.0	0.0	0.0	214.142538082165	0.0	0.0	0.0	0.0	0.0	0.0	0.0	0.0	0.0	0.0	0.0	0.0	0.0	1.0E38	1.0E38	0.02990435233684785	0.02047309527684149	0.014176744383352258	-0.007011356865556095	0.019674125253198227	0.032652264359539274	1.0E38	-0.37380220751327187	-0.1652637009795619	-0.22219362687219046	-0.1955687936772872	-0.3235517072334595	1.0E38	-0.18328597429741755	0.01566622179186794
0.0	0.0	0.0	0.0	0.0	0.0	0.0	0.0	0.0	0.0	0.0	0.0	0.0	0.0	0.0	0.0	0.0	0.0	0.0	0.0	0.0	0.0	0.0	0.0	0.0	0.0	0.0	0.0	0.0	0.0	0.0	0.0	219.59003269011413	0.0	0.0	0.0	0.0	0.0	0.0	0.0	0.0	0.0	0.0	0.0	0.0	1.0E38	1.0E38	0.03957127473801414	0.029621277028688553	0.021257117772918832	-0.002990406312649796	0.027154642623301584	0.048784391676777616	1.0E38	-0.48550635245596396	-0.1892815278973572	-0.25658033962454496	-0.23122978914284253	-0.40024388597569516	1.0E38	-0.21036965509839334	0.021926543548101307
0.0	0.0	0.0	0.0	0.0	0.0	0.0	0.0	0.0	0.0	0.0	0.0	0.0	0.0	0.0	0.0	0.0	0.0	0.0	0.0	0.0	0.0	0.0	0.0	0.0	0.0	0.0	0.0	0.0	0.0	0.0	0.0	0.0	345.7203629020272	0.0	0.0	0.0	0.0	0.0	0.0	0.0	0.0	0.0	0.0	0.0	1.0E38	1.0E38	0.04016325741094029	0.029726297656551992	0.019058936441172847	-5.978314416488217E-4	0.031043432525370562	0.043011074880464406	1.0E38	-0.46610116236495536	-0.18442904990061848	-0.2606083404553594	-0.23748462766862488	-0.3675875958652588	1.0E38	-0.20099740371883357	0.021546176377388093
0.0	0.0	0.0	0.0	0.0	0.0	0.0	0.0	0.0	0.0	0.0	0.0	0.0	0.0	0.0	0.0	0.0	0.0	0.0	0.0	0.0	0.0	0.0	0.0	0.0	0.0	0.0	0.0	0.0	0.0	0.0	0.0	0.0	0.0	408.2157253442064	0.0	0.0	0.0	0.0	0.0	0.0	0.0	0.0	0.0	0.0	1.0E38	1.0E38	0.04984981295509705	0.027135020253613362	0.022159418789147622	-0.0325947568831495	0.02916869204147332	0.058038432445421506	1.0E38	-0.5842133276597998	-0.24528452181561278	-0.35036795773321927	-0.2708792013708461	-0.56651763062525	1.0E38	-0.2861970860097145	0.022806520858729584
0.0	0.0	0.0	0.0	0.0	0.0	0.0	0.0	0.0	0.0	0.0	0.0	0.0	0.0	0.0	0.0	0.0	0.0	0.0	0.0	0.0	0.0	0.0	0.0	0.0	0.0	0.0	0.0	0.0	0.0	0.0	0.0	0.0	0.0	0.0	338.3758808524924	0.0	0.0	0.0	0.0	0.0	0.0	0.0	0.0	0.0	1.0E38	1.0E38	0.0413731822115917	0.02840479701819021	0.02255208678861287	-0.014518541522230421	0.021751271063909172	0.053596771108621155	1.0E38	-0.5301348717938215	-0.2149173411610974	-0.2852169584480606	-0.2444628235087638	-0.47864363579204117	1.0E38	-0.24639727124739963	0.02197713288403591
0.0	0.0	0.0	0.0	0.0	0.0	0.0	0.0	0.0	0.0	0.0	0.0	0.0	0.0	0.0	0.0	0.0	0.0	0.0	0.0	0.0	0.0	0.0	0.0	0.0	0.0	0.0	0.0	0.0	0.0	0.0	0.0	0.0	0.0	0.0	0.0	330.0616092087709	0.0	0.0	0.0	0.0	0.0	0.0	0.0	0.0	1.0E38	1.0E38	0.033329290604681816	0.0206812622623751	0.016285964292734434	-0.01566937809399427	0.018205351377877932	0.03944622229688832	1.0E38	-0.42527558127211407	-0.18778849868245118	-0.25084159110836524	-0.20907919923695317	-0.39579067544383584	1.0E38	-0.21445822373044976	0.016579391537497656
0.0	0.0	0.0	0.0	0.0	0.0	0.0	0.0	0.0	0.0	0.0	0.0	0.0	0.0	0.0	0.0	0.0	0.0	0.0	0.0	0.0	0.0	0.0	0.0	0.0	0.0	0.0	0.0	0.0	0.0	0.0	0.0	0.0	0.0	0.0	0.0	0.0	1.0E38	0.0	0.0	0.0	0.0	0.0	0.0	0.0	1.0E38	1.0E38	1.0E38	1.0E38	1.0E38	1.0E38	1.0E38	1.0E38	1.0E38	1.0E38	1.0E38	1.0E38	1.0E38	1.0E38	1.0E38	1.0E38	1.0E38
0.0	0.0	0.0	0.0	0.0	0.0	0.0	0.0	0.0	0.0	0.0	0.0	0.0	0.0	0.0	0.0	0.0	0.0	0.0	0.0	0.0	0.0	0.0	0.0	0.0	0.0	0.0	0.0	0.0	0.0	0.0	0.0	0.0	0.0	0.0	0.0	0.0	0.0	1.0E38	0.0	0.0	0.0	0.0	0.0	0.0	1.0E38	1.0E38	1.0E38	1.0E38	1.0E38	1.0E38	1.0E38	1.0E38	1.0E38	1.0E38	1.0E38	1.0E38	1.0E38	1.0E38	1.0E38	1.0E38	1.0E38
0.0	0.0	0.0	0.0	0.0	0.0	0.0	0.0	0.0	0.0	0.0	0.0	0.0	0.0	0.0	0.0	0.0	0.0	0.0	0.0	0.0	0.0	0.0	0.0	0.0	0.0	0.0	0.0	0.0	0.0	0.0	0.0	0.0	0.0	0.0	0.0	0.0	0.0	0.0	1.0E38	0.0	0.0	0.0	0.0	0.0	1.0E38	1.0E38	1.0E38	1.0E38	1.0E38	1.0E38	1.0E38	1.0E38	1.0E38	1.0E38	1.0E38	1.0E38	1.0E38	1.0E38	1.0E38	1.0E38	1.0E38
0.0	0.0	0.0	0.0	0.0	0.0	0.0	0.0	0.0	0.0	0.0	0.0	0.0	0.0	0.0	0.0	0.0	0.0	0.0	0.0	0.0	0.0	0.0	0.0	0.0	0.0	0.0	0.0	0.0	0.0	0.0	0.0	0.0	0.0	0.0	0.0	0.0	0.0	0.0	0.0	-13.7279141309196	0.0	0.0	0.0	0.0	1.0E38	1.0E38	0.02789905733441067	0.016916995163875015	0.013248206321629041	-0.013443430337609641	0.01507099162974157	0.030159660311424474	1.0E38	-0.3564315071443378	-0.17069778303254246	-0.22393628556375056	-0.18764549332644265	-0.3359411972697224	1.0E38	-0.19350296441991333	0.013819573362898296
0.0	0.0	0.0	0.0	0.0	0.0	0.0	0.0	0.0	0.0	0.0	0.0	0.0	0.0	0.0	0.0	0.0	0.0	0.0	0.0	0.0	0.0	0.0	0.0	0.0	0.0	0.0	0.0	0.0	0.0	0.0	0.0	0.0	0.0	0.0	0.0	0.0	0.0	0.0	0.0	0.0	-13.823574488969598	0.0	0.0	0.0	1.0E38	1.0E38	0.02394127667458612	0.013183131393205372	0.01027381639827496	-0.013721810707492565	0.013148017508783028	0.023554373069419654	1.0E38	-0.3070533631584791	-0.15538437929694737	-0.20485782111061468	-0.1684216259632656	-0.29553069719538794	1.0E38	-0.17564046361603047	0.011370359578933176
0.0	0.0	0.0	0.0	0.0	0.0	0.0	0.0	0.0	0.0	0.0	0.0	0.0	0.0	0.0	0.0	0.0	0.0	0.0	0.0	0.0	0.0	0.0	0.0	0.0	0.0	0.0	0.0	0.0	0.0	0.0	0.0	0.0	0.0	0.0	0.0	0.0	0.0	0.0	0.0	0.0	0.0	853.1908370672829	0.0	0.0	1.0E38	1.0E38	0.02665307401654715	0.013246362664935063	0.01038728518251908	-0.01700796932624904	0.015284679932943135	0.02322539615746777	1.0E38	-0.32761329786216464	-0.1693633932490055	-0.22787971250603434	-0.18196562898614133	-0.3201701671344326	1.0E38	-0.1918928083853384	0.012097568307027018
0.0	0.0	0.0	0.0	0.0	0.0	0.0	0.0	0.0	0.0	0.0	0.0	0.0	0.0	0.0	0.0	0.0	0.0	0.0	0.0	0.0	0.0	0.0	0.0	0.0	0.0	0.0	0.0	0.0	0.0	0.0	0.0	0.0	0.0	0.0	0.0	0.0	0.0	0.0	0.0	0.0	0.0	0.0	-14.180303059226958	0.0	1.0E38	1.0E38	0.022057109224036253	0.01392910133108316	0.009304041610214142	-0.00712443408090202	0.014307629052067838	0.02145425955626301	1.0E38	-0.28149468758075713	-0.13904226115380247	-0.18435084498157472	-0.16017821877075633	-0.2522825613373172	1.0E38	-0.1531050779476999	0.01117687530370759
0.0	0.0	0.0	0.0	0.0	0.0	0.0	0.0	0.0	0.0	0.0	0.0	0.0	0.0	0.0	0.0	0.0	0.0	0.0	0.0	0.0	0.0	0.0	0.0	0.0	0.0	0.0	0.0	0.0	0.0	0.0	0.0	0.0	0.0	0.0	0.0	0.0	0.0	0.0	0.0	0.0	0.0	0.0	0.0	-13.808811167452347	1.0E38	1.0E38	0.02688666839328846	0.017740258522005448	0.012733617068626302	-0.008242955370972638	0.016737593120902616	0.029479632699526803	1.0E38	-0.3388807497356918	-0.15823187279382367	-0.20909396013792936	-0.18152154861980208	-0.3050457711041634	1.0E38	-0.17629601348760815	0.013828929158250958
1.0E38	1.0E38	1.0E38	1.0E38	1.0E38	1.0E38	1.0E38	1.0E38	1.0E38	1.0E38	1.0E38	1.0E38	1.0E38	1.0E38	1.0E38	1.0E38	1.0E38	1.0E38	1.0E38	1.0E38	1.0E38	1.0E38	1.0E38	1.0E38	1.0E38	1.0E38	1.0E38	1.0E38	1.0E38	1.0E38	1.0E38	1.0E38	1.0E38	1.0E38	1.0E38	1.0E38	1.0E38	1.0E38	1.0E38	1.0E38	1.0E38	1.0E38	1.0E38	1.0E38	1.0E38	1.0E38	0.0	0.0	0.0	0.0	0.0	0.0	0.0	0.0	0.0	0.0	0.0	0.0	0.0	0.0	0.0	0.0
1.0E38	1.0E38	1.0E38	1.0E38	1.0E38	1.0E38	1.0E38	1.0E38	1.0E38	1.0E38	1.0E38	1.0E38	1.0E38	1.0E38	1.0E38	1.0E38	1.0E38	1.0E38	1.0E38	1.0E38	1.0E38	1.0E38	1.0E38	1.0E38	1.0E38	1.0E38	1.0E38	1.0E38	1.0E38	1.0E38	1.0E38	1.0E38	1.0E38	1.0E38	1.0E38	1.0E38	1.0E38	1.0E38	1.0E38	1.0E38	1.0E38	1.0E38	1.0E38	1.0E38	1.0E38	0.0	1.0E38	0.0	0.0	0.0	0.0	0.0	0.0	0.0	0.0	0.0	0.0	0.0	0.0	0.0	0.0	0.0
-0.005372733877791802	-0.006878754691346245	-0.006446798123969089	-0.007338590849839122	1.0E38	-0.009027915786541385	-0.006916603645032993	-0.007436068075636015	-0.007999835893036433	-0.007653971591937037	-0.006556957391632423	1.0E38	1.0E38	1.0E38	1.0E38	1.0E38	1.0E38	1.0E38	0.025162373276625516	0.022816417861319493	0.01835224574100458	0.017821527850257368	1.0E38	0.051129277763998005	1.0E38	0.02450069513952613	0.030923096471697775	0.027664565412633735	1.0E38	0.03797012640646713	0.030706629276124886	0.02990435233684785	0.03957127473801414	0.04016325741094029	0.04984981295509705	0.0413731822115917	0.033329290604681816	1.0E38	1.0E38	1.0E38	0.02789905733441067	0.02394127667458612	0.02665307401654715	0.022057109224036253	0.02688666839328846	0.0	0.0	-6.397070547373801	0.0	0.0	0.0	0.0	0.0	0.0	0.0	0.0	0.0	0.0	0.0	0.0	0.0	0.0
-0.003913486050239001	-0.005403947001894949	-0.00497232439963291	-0.005805339099307361	1.0E38	-0.007495680184630871	-0.005499081368503411	-0.005990937912113026	-0.00643578985819282	-0.006200803226882101	-0.005212579246490989	1.0E38	1.0E38	1.0E38	1.0E38	1.0E38	1.0E38	1.0E38	0.01705649244173202	0.014316873576014189	0.01261678457196247	0.012115776176589321	1.0E38	0.04321228573569691	1.0E38	0.01851101672898281	0.02531691678234438	0.022138635372419557	1.0E38	0.029032717099777727	0.02152249211733448	0.02047309527684149	0.029621277028688553	0.029726297656551992	0.027135020253613362	0.02840479701819021	0.0206812622623751	1.0E38	1.0E38	1.0E38	0.016916995163875015	0.013183131393205372	0.013246362664935063	0.01392910133108316	0.017740258522005448	0.0	0.0	0.0	-8.383851712448404	0.0	0.0	0.0	0.0	0.0	0.0	0.0	0.0	0.0	0.0	0.0	0.0	0.0
-0.0028445430507293423	-0.004353999184909085	-0.003928924739160067	-0.004759912286408152	1.0E38	-0.006482437666623042	-0.004541740693957408	-0.004989193582490614	-0.005433886131854138	-0.005193166520252035	-0.00426161061018604	1.0E38	1.0E38	1.0E38	1.0E38	1.0E38	1.0E38	1.0E38	0.012009319677503072	0.010108984417701805	0.006979202614871838	0.0072978355434578646	1.0E38	0.02691878707438633	1.0E38	0.011615769994293146	0.016442247841352398	0.012422317194195287	1.0E38	0.02089005877615513	0.015299306941209068	0.014176744383352258	0.021257117772918832	0.019058936441172847	0.022159418789147622	0.02255208678861287	0.016285964292734434	1.0E38	1.0E38	1.0E38	0.013248206321629041	0.01027381639827496	0.01038728518251908	0.009304041610214142	0.012733617068626302	0.0	0.0	0.0	0.0	-7.522428049616792	0.0	0.0	0.0	0.0	0.0	0.0	0.0	0.0	0.0	0.0	0.0	0.0
-0.003617475227361666	-0.00588240129442319	-0.005475052003960812	-0.0066232297068911095	1.0E38	-0.009039203368548243	-0.006275560838908234	-0.006824839446601061	-0.008099015166676438	-0.007575029884851148	-0.006260642057373644	1.0E38	1.0E38	1.0E38	1.0E38	1.0E38	1.0E38	1.0E38	-0.006554337478416272	-0.007698228039432209	-0.003102482182464783	-0.004019430138885838	1.0E38	0.010907673116545169	1.0E38	-0.0018885076518166954	0.0022070617427250028	0.0015659916008452512	1.0E38	-0.002912248532553008	-0.005752250858579444	-0.007011356865556095	-0.002990406312649796	-5.978314416488217E-4	-0.0325947568831495	-0.014518541522230421	-0.01566937809399427	1.0E38	1.0E38	1.0E38	-0.013443430337609641	-0.013721810707492565	-0.01700796932624904	-0.00712443408090202	-0.008242955370972638	0.0	0.0	0.0	0.0	0.0	106.1067104868032	0.0	0.0	0.0	0.0	0.0	0.0	0.0	0.0	0.0	0.0	0.0
-0.006540680348075867	-0.008687645667459165	-0.0082753190040048	-0.009502279958098825	1.0E38	-0.011829926197410856	-0.008887730775008151	-0.009522846485769065	-0.01100301063507203	-0.010267464339442256	-0.008728026093393737	1.0E38	1.0E38	1.0E38	1.0E38	1.0E38	1.0E38	1.0E38	0.015951027748101865	0.014351022483554132	0.01325483104318792	0.012077801554758238	1.0E38	0.042428221120815124	1.0E38	0.017471630722891263	0.023134809908679443	0.021984297126817154	1.0E38	0.025169531838985293	0.02030275223102862	0.019674125253198227	0.027154642623301584	0.031043432525370562	0.02916869204147332	0.021751271063909172	0.018205351377877932	1.0E38	1.0E38	1.0E38	0.01507099162974157	0.013148017508783028	0.015284679932943135	0.014307629052067838	0.016737593120902616	0.0	0.0	0.0	0.0	0.0	0.0	472.4058047746064	0.0	0.0	0.0	0.0	0.0	0.0	0.0	0.0	0.0	0.0
-0.004790622439887926	-0.00676800272172251	-0.0063676333550866104	-0.007561212475106771	1.0E38	-0.00994496929779487	-0.00692744354279462	-0.007636766752487034	-0.009076066947445227	-0.008506970543370684	-0.0068235524062547626	1.0E38	1.0E38	1.0E38	1.0E38	1.0E38	1.0E38	1.0E38	0.02737583997469173	0.023342674734548652	0.017219628622962446	0.01721360090931512	1.0E38	0.05711946283852498	1.0E38	0.026522508903720876	0.03620254055950234	0.028738097528020035	1.0E38	0.04727117893235011	0.035622804684418696	0.032652264359539274	0.048784391676777616	0.043011074880464406	0.058038432445421506	0.053596771108621155	0.03944622229688832	1.0E38	1.0E38	1.0E38	0.030159660311424474	0.023554373069419654	0.02322539615746777	0.02145425955626301	0.029479632699526803	0.0	0.0	0.0	0.0	0.0	0.0	0.0	48.81154818115908	0.0	0.0	0.0	0.0	0.0	0.0	0.0	0.0	0.0
1.0E38	1.0E38	1.0E38	1.0E38	1.0E38	1.0E38	1.0E38	1.0E38	1.0E38	1.0E38	1.0E38	1.0E38	1.0E38	1.0E38	1.0E38	1.0E38	1.0E38	1.0E38	1.0E38	1.0E38	1.0E38	1.0E38	1.0E38	1.0E38	1.0E38	1.0E38	1.0E38	1.0E38	1.0E38	1.0E38	1.0E38	1.0E38	1.0E38	1.0E38	1.0E38	1.0E38	1.0E38	1.0E38	1.0E38	1.0E38	1.0E38	1.0E38	1.0E38	1.0E38	1.0E38	0.0	0.0	0.0	0.0	0.0	0.0	0.0	0.0	1.0E38	0.0	0.0	0.0	0.0	0.0	0.0	0.0	0.0
0.012414872213438066	0.00584184170595492	0.007223620507602835	0.005116932679114949	1.0E38	0.00750388606421204	0.0022909804533091105	0.002845931162790194	0.0025315214021923715	0.002834833687206384	0.002519170277495597	1.0E38	1.0E38	1.0E38	1.0E38	1.0E38	1.0E38	1.0E38	-0.3167280318261092	-0.2881197821684989	-0.23598231693457272	-0.2346920855387875	1.0E38	-0.5647820761123832	1.0E38	-0.3079644962920156	-0.37564224888433984	-0.33044752166921754	1.0E38	-0.4667920572968445	-0.3788795159860303	-0.37380220751327187	-0.48550635245596396	-0.46610116236495536	-0.5842133276597998	-0.5301348717938215	-0.42527558127211407	1.0E38	1.0E38	1.0E38	-0.3564315071443378	-0.3070533631584791	-0.32761329786216464	-0.28149468758075713	-0.3388807497356918	0.0	0.0	0.0	0.0	0.0	0.0	0.0	0.0	0.0	179137.8017830598	0.0	0.0	0.0	0.0	0.0	0.0	0.0
0.005473835182920439	0.003505781611265135	0.003827669562637581	0.003279017986530519	1.0E38	0.0014794513481639626	0.002521288798938315	0.002590706602086712	0.002390030445035052	0.0024049485795263337	0.002421176486647525	1.0E38	1.0E38	1.0E38	1.0E38	1.0E38	1.0E38	1.0E38	-0.15142899931914755	-0.14277134021381066	-0.12120977084358842	-0.12081255201424845	1.0E38	-0.20330461893566465	1.0E38	-0.1421579045674779	-0.1576421963719561	-0.14794412468366147	1.0E38	-0.188185845993317	-0.16578622390145625	-0.1652637009795619	-0.1892815278973572	-0.18442904990061848	-0.24528452181561278	-0.2149173411610974	-0.18778849868245118	1.0E38	1.0E38	1.0E38	-0.17069778303254246	-0.15538437929694737	-0.1693633932490055	-0.13904226115380247	-0.15823187279382367	0.0	0.0	0.0	0.0	0.0	0.0	0.0	0.0	0.0	0.0	-5.4530454965420745	0.0	0.0	0.0	0.0	0.0	0.0
0.01250862392997476	0.009772350330845114	0.010313284983745064	0.009546373619508941	1.0E38	0.007018055678809532	0.008126528444275749	0.008371958359527198	0.008346439137060457	0.008255682827915223	0.007907537306234502	1.0E38	1.0E38	1.0E38	1.0E38	1.0E38	1.0E38	1.0E38	-0.19820972422491323	-0.18792636579530964	-0.16029950762966294	-0.1574655411187429	1.0E38	-0.29075637918445985	1.0E38	-0.1876444121986438	-0.20927309776554637	-0.20098296026179518	1.0E38	-0.2503729746565373	-0.2214008341317566	-0.22219362687219046	-0.25658033962454496	-0.2606083404553594	-0.35036795773321927	-0.2852169584480606	-0.25084159110836524	1.0E38	1.0E38	1.0E38	-0.22393628556375056	-0.20485782111061468	-0.22787971250603434	-0.18435084498157472	-0.20909396013792936	0.0	0.0	0.0	0.0	0.0	0.0	0.0	0.0	0.0	0.0	0.0	820.1245591829438	0.0	0.0	0.0	0.0	0.0
0.009942849593361558	0.007564218643342002	0.007987125168618547	0.007322298003437311	1.0E38	0.00511653206571161	0.006037533435087283	0.006297169039010342	0.006199711705450639	0.00624204069209533	0.006013197896667322	1.0E38	1.0E38	1.0E38	1.0E38	1.0E38	1.0E38	1.0E38	-0.17454573088777892	-0.16185718978005248	-0.14586181640705576	-0.14210851825823134	1.0E38	-0.28562000072682103	1.0E38	-0.1740545079151321	-0.19998794599824166	-0.1926280443952617	1.0E38	-0.22821115212492415	-0.1956626021922272	-0.1955687936772872	-0.23122978914284253	-0.23748462766862488	-0.2708792013708461	-0.2444628235087638	-0.20907919923695317	1.0E38	1.0E38	1.0E38	-0.18764549332644265	-0.1684216259632656	-0.18196562898614133	-0.16017821877075633	-0.18152154861980208	0.0	0.0	0.0	0.0	0.0	0.0	0.0	0.0	0.0	0.0	0.0	0.0	2.7200793347068952	0.0	0.0	0.0	0.0
0.008943403394488847	0.00453148800426284	0.005021454101798994	0.003956438397665352	1.0E38	6.043628998284589E-4	0.0022034797564707276	0.0026278760091864584	0.0018210454844655999	0.0020327513909865758	0.001598492425679332	1.0E38	1.0E38	1.0E38	1.0E38	1.0E38	1.0E38	1.0E38	-0.2838283445991525	-0.2631338370845242	-0.20382237096236366	-0.2062863188437669	1.0E38	-0.4083647408813489	1.0E38	-0.25807813973210436	-0.2996003812364858	-0.2623324586980109	1.0E38	-0.38999087063693594	-0.32895945000159355	-0.3235517072334595	-0.40024388597569516	-0.3675875958652588	-0.56651763062525	-0.47864363579204117	-0.39579067544383584	1.0E38	1.0E38	1.0E38	-0.3359411972697224	-0.29553069719538794	-0.3201701671344326	-0.2522825613373172	-0.3050457711041634	0.0	0.0	0.0	0.0	0.0	0.0	0.0	0.0	0.0	0.0	0.0	0.0	0.0	1524.5041084926643	0.0	0.0	0.0
1.0E38	1.0E38	1.0E38	1.0E38	1.0E38	1.0E38	1.0E38	1.0E38	1.0E38	1.0E38	1.0E38	1.0E38	1.0E38	1.0E38	1.0E38	1.0E38	1.0E38	1.0E38	1.0E38	1.0E38	1.0E38	1.0E38	1.0E38	1.0E38	1.0E38	1.0E38	1.0E38	1.0E38	1.0E38	1.0E38	1.0E38	1.0E38	1.0E38	1.0E38	1.0E38	1.0E38	1.0E38	1.0E38	1.0E38	1.0E38	1.0E38	1.0E38	1.0E38	1.0E38	1.0E38	0.0	0.0	0.0	0.0	0.0	0.0	0.0	0.0	0.0	0.0	0.0	0.0	0.0	0.0	1.0E38	0.0	0.0
0.005199428916670357	0.002931387520417772	0.0032536339090931676	0.002629787459577315	1.0E38	6.225634998511254E-4	0.0018557357703468114	0.001917013646586696	0.0015346864256908788	0.0015955923118227133	0.0016602177288209674	1.0E38	1.0E38	1.0E38	1.0E38	1.0E38	1.0E38	1.0E38	-0.16780495862550993	-0.1583714375631491	-0.13002815549798896	-0.13081992599996006	1.0E38	-0.21751645791173502	1.0E38	-0.1541431643594393	-0.17052642643466953	-0.1574153097278881	1.0E38	-0.20933817607490823	-0.18427930299672823	-0.18328597429741755	-0.21036965509839334	-0.20099740371883357	-0.2861970860097145	-0.24639727124739963	-0.21445822373044976	1.0E38	1.0E38	1.0E38	-0.19350296441991333	-0.17564046361603047	-0.1918928083853384	-0.1531050779476999	-0.17629601348760815	0.0	0.0	0.0	0.0	0.0	0.0	0.0	0.0	0.0	0.0	0.0	0.0	0.0	0.0	0.0	-4.433741212445113	0.0
-0.001895312405376437	-0.0024040456368314977	-0.002267342857720678	-0.0025646177238476398	1.0E38	-0.0032394371921125042	-0.0023812139635612795	-0.002632200615385827	-0.002812945877254336	-0.0027658609997534	-0.002275847623194771	1.0E38	1.0E38	1.0E38	1.0E38	1.0E38	1.0E38	1.0E38	0.013054550465142256	0.01142211018458994	0.00956062125192858	0.009329770873502952	1.0E38	0.02968911703938204	1.0E38	0.013388927602949963	0.01776135722831995	0.015264386813910846	1.0E38	0.021188010457898088	0.01614539576869589	0.01566622179186794	0.021926543548101307	0.021546176377388093	0.022806520858729584	0.02197713288403591	0.016579391537497656	1.0E38	1.0E38	1.0E38	0.013819573362898296	0.011370359578933176	0.012097568307027018	0.01117687530370759	0.013828929158250958	0.0	0.0	0.0	0.0	0.0	0.0	0.0	0.0	0.0	0.0	0.0	0.0	0.0	0.0	0.0	0.0	1.216690971396929
