.	0_2_0	0_0_0	0_0_1	0_2_1	0_2_2	0_2_3	0_2_4	0_2_5	1_0_0
0_2_0	0.0	0.0	3582.425322300075	0.0	0.0	0.0	0.0	0.0	0.0
0_0_0	0.0	0.0	0.0	0.0	0.0	0.0	0.0	0.0	-679.508126311933
0_0_1	3582.425322300075	0.0	0.0	-11.13780138373636	-9.242130618367355	1046.9727930059353	173.86178592677993	-13.066279498247013	0.0
0_2_1	0.0	0.0	-11.13780138373636	0.0	0.0	0.0	0.0	0.0	0.0
0_2_2	0.0	0.0	-9.242130618367355	0.0	0.0	0.0	0.0	0.0	0.0
0_2_3	0.0	0.0	1046.9727930059353	0.0	0.0	0.0	0.0	0.0	0.0
0_2_4	0.0	0.0	173.86178592677993	0.0	0.0	0.0	0.0	0.0	0.0
0_2_5	0.0	0.0	-13.066279498247013	0.0	0.0	0.0	0.0	0.0	0.0
1_0_0	0.0	-679.508126311933	0.0	0.0	0.0	0.0	0.0	0.0	0.0
