.	0_2_0	0_0_0	0_0_1	0_2_1	0_2_2	0_2_3	0_2_4	0_2_5	1_0_0
0_2_0	0.0	0.0	5322.0742517569015	0.0	0.0	0.0	0.0	0.0	0.0
0_0_0	0.0	0.0	0.0	0.0	0.0	0.0	0.0	0.0	-679.508126311933
0_0_1	5322.0742517569015	0.0	0.0	4.881523785875515	27.042782978709283	15889.70034880371	533.4043757647665	-12.243754933152559	0.0
0_2_1	0.0	0.0	4.881523785875515	0.0	0.0	0.0	0.0	0.0	0.0
0_2_2	0.0	0.0	27.042782978709283	0.0	0.0	0.0	0.0	0.0	0.0
0_2_3	0.0	0.0	15889.70034880371	0.0	0.0	0.0	0.0	0.0	0.0
0_2_4	0.0	0.0	533.4043757647665	0.0	0.0	0.0	0.0	0.0	0.0
0_2_5	0.0	0.0	-12.243754933152559	0.0	0.0	0.0	0.0	0.0	0.0
1_0_0	0.0	-679.508126311933	0.0	0.0	0.0	0.0	0.0	0.0	0.0
